// 0 trawa
// 1 kamien
// 2 plytka
// 3 metal
// 4 piasek
// 5 kaktus
// 6 niebo

ILOSC_TROJK 60

//niebo
23
-10000.0		0.0			-10000.0		1.0		0.0
10000.0			0.0			-10000.0		0.0		0.0
-10000.0		10000.0		-10000.0		1.0		1.0
23
-10000.0		10000.0		-10000.0		1.0		1.0
10000.0			0.0			-10000.0		0.0		0.0
10000.0			10000.0		-10000.0		0.0		1.0

23
-10000.0		0.0			10000.0			0.0		0.0
10000.0			0.0			10000.0			1.0		0.0
-10000.0		10000.0		10000.0			0.0		1.0
23
-10000.0		10000.0		10000.0			0.0		1.0
10000.0			0.0			10000.0			1.0		0.0
10000.0			10000.0		10000.0			1.0		1.0

23
-10000.0		0.0			-10000.0		1.0		0.0
-10000.0		0.0			10000.0			0.0		0.0
-10000.0		10000.0		-10000.0		1.0		1.0
23
-10000.0		0.0			10000.0			0.0		0.0
-10000.0		10000.0		10000.0			0.0		1.0
-10000.0		10000.0		-10000.0		1.0		1.0

23
10000.0			0.0			-10000.0		0.0		0.0
10000.0			0.0			10000.0			1.0		0.0
10000.0			10000.0		-10000.0		0.0		1.0
23
10000.0			0.0			10000.0			1.0		0.0
10000.0			10000.0		10000.0			1.0		1.0
10000.0			10000.0		-10000.0		0.0		1.0

//gora nieba
23
-10000.0		10000.0		-10000.0		0.0		0.0
-10000.0		10000.0		10000.0			1.0		0.0
10000.0			10000.0		10000.0			1.0		1.0
23
-10000.0		10000.0		-10000.0		0.0		0.0
10000.0			10000.0		10000.0			1.0		1.0
10000.0			10000.0		-10000.0		0.0		1.0


//trawa
25
-10000.0		-1.0		-10000.0		0.0		600.0
-10000.0		-1.0		10000.0			0.0		0.0
10000.0			-1.0		10000.0			600.0	0.0
25
-10000.0		-1.0		-10000.0		0.0		600.0
10000.0			-1.0		-10000.0		600.0	600.0
10000.0			-1.0		10000.0			600.0		0.0

//podloga
19
-300.0  0.0 -300.0 0.0 10.0
-300.0  0.0  300.0 0.0 0.0
 300.0  0.0  300.0 10.0 0.0
19
-300.0  0.0 -300.0 0.0 10.0
 300.0  0.0 -300.0 10.0 10.0
 300.0  0.0  300.0 10.0 0.0

//sufit
17
-300.0  100.0 -300.0 0.0 10.0
-300.0  100.0  300.0 0.0 0.0
 300.0  100.0  300.0 10.0 0.0
 17
-300.0  100.0 -300.0 0.0 10.0
 300.0  100.0 -300.0 10.0 10.0
 300.0  100.0  300.0 10.0 0.0

// A1
18
-200.0  100.0  -200.0 0.0 1.0
-200.0  0.0  -200.0 0.0 0.0
-50.0  0.0  -200.0 1.5 0.0
18
-200.0  100.0  -200.0 0.0 1.0
-50.0  100.0  -200.0 1.5 1.0
-50.0  0.0  -200.0 1.5 0.0

// A2
18
 200.0  100.0  -200.0 2.0 1.0
 200.0  0.0  -200.0 2.0 0.0
 50.0  0.0  -200.0 0.5 0.0
 18
 200.0  100.0  -200.0 2.0 1.0
 50.0  100.0  -200.0 0.5 1.0
 50.0  0.0  -200.0 0.5 0.0

// B1
18
-200.0  100.0  200.0 2.0  1.0
-200.0  0.0   200.0 2.0 0.0
-50.0  0.0   200.0 0.5 0.0
18
-200.0  100.0  200.0 2.0  1.0
-50.0  100.0  200.0 0.5  1.0
-50.0  0.0   200.0 0.5 0.0

// B2
18
 200.0  100.0  200.0 2.0  1.0
 200.0  0.0   200.0 2.0 0.0
 50.0  0.0   200.0 0.5 0.0
18
 200.0  100.0  200.0 2.0  1.0
 50.0  100.0  200.0 0.5  1.0
 50.0  0.0   200.0 0.5 0.0

// C1
18
-200.0  100.0  -200.0 0.0  1.0
-200.0  0.0   -200.0 0.0 0.0
-200.0  0.0   -50.0 1.5 0.0
18
-200.0  100.0  -200.0 0.0  1.0
-200.0  100.0  -50.0 1.5  1.0
-200.0  0.0   -50.0 1.5 0.0

// C2
18
-200.0  100.0   200.0 2.0 1.0
-200.0  0.0   200.0 2.0 0.0
-200.0  0.0   50.0 0.5 0.0
18
-200.0  100.0  200.0 2.0 1.0
-200.0  100.0  50.0 0.5 1.0
-200.0  0.0   50.0 0.5 0.0

// D1
18
200.0  100.0  -200.0 0.0 1.0
200.0  0.0   -200.0 0.0 0.0
200.0  0.0   -50.0 1.5 0.0
18
200.0  100.0  -200.0 0.0 1.0
200.0  100.0  -50.0 1.5 1.0
200.0  0.0   -50.0 1.5 0.0

// D2
18
200.0  100.0  200.0 2.0 1.0
200.0  0.0   200.0 2.0 0.0
200.0  0.0   50.0 0.5 0.0
18
200.0  100.0  200.0 2.0 1.0
200.0  100.0  50.0 0.5 1.0
200.0  0.0   50.0 0.5 0.0

// przedni korytarz lewy
18
-50.0  100.0  -300.0 0.0 1.0
-50.0  0.0   -300.0 0.0 0.0
-50.0  0.0   -200.0 1.0 0.0
18
-50.0  100.0  -300.0 0.0 1.0
-50.0  100.0  -200.0 1.0 1.0
-50.0  0.0   -200.0 1.0 0.0

// przedni korytarz lewy
18
50.0  100.0  -300.0 0.0 1.0
50.0  0.0   -300.0 0.0 0.0
50.0  0.0   -200.0 1.0 0.0
18
50.0  100.0  -300.0 0.0 1.0
50.0  100.0  -200.0 1.0 1.0
50.0  0.0   -200.0 1.0 0.0

// tylny korytarz lewy
18
-50.0  100.0  300.0 0.0 1.0
-50.0  0.0   300.0 0.0 0.0
-50.0  0.0   200.0 1.0 0.0
18
-50.0  100.0  300.0 0.0 1.0
-50.0  100.0  200.0 1.0 1.0
-50.0  0.0   200.0 1.0 0.0

// tylny prawy
18
50.0  100.0  300.0 0.0 1.0
50.0  0.0   300.0 0.0 0.0
50.0  0.0   200.0 1.0 0.0
18
50.0  100.0  300.0 0.0 1.0
50.0  100.0  200.0 1.0 1.0
50.0  0.0   200.0 1.0 0.0


// lewy

18
-300.0  100.0  50.0 1.0 1.0
-300.0  0.0   50.0 1.0 0.0
-200.0  0.0   50.0 0.0 0.0
18
-300.0  100.0  50.0 1.0 1.0
-200.0  100.0  50.0 0.0 1.0
-200.0  0.0   50.0 0.0 0.0

// lewy

18
-300.0  100.0  -50.0 1.0 1.0
-300.0  0.0   -50.0 1.0 0.0
-200.0  0.0   -50.0 0.0 0.0
18
-300.0  100.0  -50.0 1.0 1.0
-200.0  100.0  -50.0 0.0 1.0
-200.0  0.0   -50.0 0.0 0.0

// prawy

18
300.0  100.0  50.0 1.0 1.0
300.0  0.0   50.0 1.0 0.0
200.0  0.0   50.0 0.0 0.0
18
300.0  100.0  50.0 1.0 1.0
200.0  100.0  50.0 0.0 1.0
200.0  0.0   50.0 0.0 0.0

// prawy

18
300.0  100.0  -50.0 1.0 1.0
300.0  0.0   -50.0 1.0 0.0
200.0  0.0   -50.0 0.0 0.0
18
300.0  100.0  -50.0 1.0 1.0
200.0  100.0 -50.0 0.0 1.0
200.0  0.0   -50.0 0.0 0.0

// dach

20
-300 100 -300 0 0
300 100 -300 5 0
0 300 0 2.5 5
20
300 100 -300 5 0
300 100 300 0 0
0 300 0 2.5 5
20
300 100 300 5 0
-300 100 300 0 0
0 300 0 2.5 5
20
-300 100 300 5 0
-300 100 -300 0 0
0 300 0 2.5 5

// plotek

3
-1000.0		0.0			-1000.0		10.0		0.0
1000.0		0.0			-1000.0		0.0		0.0
-1000.0		100.0		-1000.0		10.0		1.0
3
-1000.0		100.0		-1000.0		10.0		1.0
1000.0		0.0			-1000.0		0.0		0.0
1000.0		100.0		-1000.0		0.0		1.0

3
-1000.0		0.0			1000.0			0.0		0.0
1000.0		0.0			1000.0			10.0		0.0
-1000.0		100.0		1000.0			0.0		1.0
3
-1000.0		100.0		1000.0			0.0		1.0
1000.0		0.0			1000.0			10.0		0.0
1000.0		100.0		1000.0			10.0		1.0

3
-1000.0		0.0			-1000.0			10.0		0.0
-1000.0		0.0			1000.0			0.0		0.0
-1000.0		100.0		-1000.0			10.0		1.0
3
-1000.0		0.0			1000.0			0.0		0.0
-1000.0		100.0		1000.0			0.0		1.0
-1000.0		100.0		-1000.0			10.0		1.0

3
1000.0			0.0			-1000.0			0.0		0.0
1000.0			0.0			1000.0			10.0		0.0
1000.0			100.0		-1000.0			0.0		1.0
3
1000.0			0.0			1000.0			10.0		0.0
1000.0			100.0		1000.0			10.0		1.0
1000.0			100.0		-1000.0			0.0		1.0
